1
1001
1405
3
200001
David
1805
8
200001
Rammous
2401
9
200002
Diva
1004
6
200803
Gdday
2401
10
200101
Hua
0
1
1002
2310
12
200001
Frank
1805
6
200001
Rammous
2401
9
200002
Dabby
2402
6
200003
Gdday
2401
10
200901
Sara
0
1
1003
1000
5
201801
Sam
1805
4
200001
Rammous
2401
10
201702
Dabby
2402
3
201503
Fadda
2401
4
200301
Amy
0
1
1004
1405
3
200001
Peter
1753
8
200001
Rammous
2401
9
200002
Mhama
1300
8
201403
Gdday
2401
10
201001
Lore
0
1
1005
1405
3
200001
David
1805
8
200001
Rammous
2401
9
200002
Dabby
2402
6
200003
Gdday
2401
10
200101
Amy
0
1
1006
1405
3
200001
David
1805
8
200001
Rammous
2401
9
200002
Dabby
2402
6
200003
Gdday
2401
10
200101
Amy
0
1
1007
1405
3
200001
David
1805
8
200001
Rammous
2401
9
200002
Dabby
2402
6
200003
Gdday
2401
10
200101
Amy
0
1
1008
1405
3
200001
David
1805
8
200001
Rammous
2401
9
200002
Dabby
2402
6
200003
Gdday
2401
10
200101
Amy
0
1
1009
1405
3
200001
David
1805
8
200201
Rammous
2401
9
200502
Dabby
2402
6
200102
Gdday
2401
10
200101
Amy
0
1
1010
1405
3
199901
David
1805
8
200001
Rammous
2401
9
199802
Dabby
2402
6
200003
Gdday
2401
10
200101
Amy
0
1
1011
1405
3
200001
David
1805
8
200101
Rammous
2401
9
200003
Dabby
2402
6
200102
Gdday
2401
10
200103
Amy
0
1
1012
1405
3
200201
David
1805
8
200801
Rammous
2401
9
200002
Dabby
2402
6
200303
Gdday
2401
10
200101
Amy
0
1
1013
1405
3
200401
David
1805
8
200201
Rammous
2401
9
200302
Dabby
2402
6
200603
Gdday
2401
10
200501
Amy
0
1
1014
1405
3
200201
David
1805
8
200001
Rammous
2401
8
200002
Dabby
2402
6
200003
Gdday
1300
10
199903
Lo
0
1
1015
1405
3
199701
David
1800
8
199801
Wudi
2804
9
200002
Dabby
3000
6
200703
Sira
2401
10
200901
Bob
0
0
